Faces\1609954110.7466779.jpg 1 259 80 117 131
Faces\1609954111.024941.jpg 1 233 90 118 122
Faces\1609954111.3104973.jpg 1 224 108 153 140
Faces\1609954122.00223.jpg 1 269 58 92 100
Faces\1609954122.2870507.jpg 1 275 60 111 109
Faces\1609954122.5723066.jpg 1 261 72 119 121
Faces\1609954122.8345528.jpg 1 236 83 136 129
Faces\1609954123.1124163.jpg 1 201 83 141 145
Faces\1609954123.3877437.jpg 1 207 125 144 140
Faces\1609954123.951377.jpg 1 86 167 158 205
Faces\1609954263.2890394.jpg 1 273 83 99 97
Faces\1609954263.5586598.jpg 1 275 107 107 102
Faces\1609954263.8368187.jpg 1 295 120 91 100
Faces\1609954264.1079233.jpg 1 300 133 99 111
Faces\1609954264.391474.jpg 1 288 161 108 115
Faces\1609954264.6762867.jpg 1 261 176 123 119
Faces\1609954265.2147155.jpg 1 248 202 147 157
Faces\1609954265.4934528.jpg 0
Faces\1609954266.2806582.jpg 0
Faces\1609954266.5657263.jpg 0
Faces\1609954333.7865329.jpg 1 314 90 92 100
Faces\1609954334.0714445.jpg 0
Faces\1609954334.3567622.jpg 1 155 132 141 144
Faces\1609954334.6416502.jpg 0
Faces\1609954334.926635.jpg 0
Faces\1609954335.2050269.jpg 1 3 226 180 172
Faces\1609954624.4801705.jpg 1 322 148 114 111
Faces\1609954624.7654347.jpg 1 322 152 116 110
Faces\1609954625.044371.jpg 1 305 156 130 139
Faces\1609954625.3203251.jpg 1 272 163 129 143
Faces\1609954625.599595.jpg 1 227 181 130 132
Faces\1609954625.8848383.jpg 1 189 208 153 156
Faces\1609954643.1061518.jpg 1 237 117 100 108
Faces\1609954643.375766.jpg 1 238 126 95 110
Faces\1609954643.660778.jpg 1 242 149 111 107
Faces\1609954643.9308987.jpg 1 276 145 100 121
Faces\1609954645.5944183.jpg 1 241 153 126 125
Faces\1609954649.3244796.jpg 1 221 156 125 114
Faces\1609954650.4647174.jpg 1 169 144 150 118
Faces\1609954651.3114839.jpg 1 203 131 126 116
Faces\1609954656.1589773.jpg 1 191 134 120 127
Faces\1609954662.0445163.jpg 1 190 128 111 130
Faces\1609954844.3277905.jpg 0
Faces\1609954844.6116235.jpg 0
Faces\1609954844.881146.jpg 0
Faces\1609954845.1655834.jpg 0
Faces\1609954845.4501872.jpg 0
Faces\1609954845.7289221.jpg 0
Faces\1609954846.012892.jpg 0
Faces\1609954846.283836.jpg 0
Faces\1609954846.5672488.jpg 0
Faces\1609954846.8525193.jpg 0
Faces\1609956931.0991094.jpg 0
Faces\1609956931.3839056.jpg 0
Faces\1609956931.6586065.jpg 0
Faces\1609956931.9380672.jpg 0
Faces\1609956932.2230227.jpg 0
Faces\1609956932.5019858.jpg 0
Faces\1609956932.7855275.jpg 0
Faces\1609956933.0705872.jpg 0
Faces\1609956933.346418.jpg 0
Faces\1609956933.6255817.jpg 0
Faces\1609957432.5175161.jpg 1 226 145 108 129
Faces\1609957432.7968738.jpg 1 216 148 111 133
Faces\1609957433.0817316.jpg 1 169 156 133 128
Faces\1609957433.3604698.jpg 1 138 155 124 124
Faces\1609957433.6448994.jpg 1 140 158 118 121
Faces\1609957433.9148388.jpg 1 137 174 122 123
Faces\1609957434.199016.jpg 1 123 169 136 130
Faces\1609957443.8287697.jpg 1 168 169 127 136
Faces\1609957445.4145339.jpg 1 135 170 132 131
Faces\1609957445.9521492.jpg 1 125 169 135 129
Faces\1609957591.9048836.jpg 0
Faces\1609957592.1747355.jpg 0
Faces\1609957592.453312.jpg 0
Faces\1609957593.5156028.jpg 0
Faces\1609957594.58288.jpg 1 92 175 194 193
Faces\1609957595.386465.jpg 1 82 174 217 209
Faces\1609957596.1732266.jpg 1 60 171 232 218
Faces\1609957596.9708467.jpg 1 70 142 226 233
Faces\1609957597.253292.jpg 1 107 133 196 213
Faces\1609957601.9530404.jpg 1 108 135 183 190
Faces\1609958172.1061606.jpg 1 230 182 147 154
Faces\1609958172.3907385.jpg 1 302 54 103 142
Faces\1609958172.675342.jpg 1 297 85 117 111
Faces\1609958172.9532676.jpg 1 307 86 112 142
Faces\1609958173.2229793.jpg 1 296 104 103 143
Faces\1609958173.5073385.jpg 1 235 104 149 169
Faces\1609958173.7922308.jpg 1 192 131 151 165
Faces\1609958174.077075.jpg 1 137 159 187 174
Faces\1609958174.355964.jpg 1 80 194 194 188
Faces\1609958174.6400228.jpg 0
Faces\1609958555.0223465.jpg 1 161 155 184 195
Faces\1609958555.8399496.jpg 1 116 145 162 181
Faces\1609958556.3946247.jpg 1 53 157 195 204
Faces\1609958556.9441636.jpg 1 11 182 206 228
Faces\1609958557.7750123.jpg 3 53 214 172 222 189 89 120 133 320 236 96 81
Faces\1609958585.6933491.jpg 1 307 74 133 166
Faces\1609958586.2573514.jpg 1 271 135 136 161
Faces\1609958586.8114738.jpg 1 278 174 177 197
Faces\1609958587.3592446.jpg 1 219 185 184 202
Faces\1609958587.9148726.jpg 1 175 239 231 236
Faces\1609959002.9592562.jpg 1 247 150 114 113
Faces\1609959003.7929733.jpg 1 243 194 122 123
Faces\1609959004.9120574.jpg 1 198 222 161 162
Faces\1609959005.7347033.jpg 1 226 221 164 156
Faces\1609959006.2686267.jpg 1 228 230 155 151
Faces\1609959012.1357112.jpg 1 255 234 156 148
Faces\1609959012.9909155.jpg 0
Faces\1609959014.0773368.jpg 1 264 255 167 160
Faces\1609959014.6256154.jpg 1 236 250 176 169
Faces\1609959015.4799562.jpg 1 158 253 197 152
Faces\1609959532.2458215.jpg 0
Faces\1609959532.5306394.jpg 0
Faces\1609959532.8009613.jpg 0
Faces\1609959533.0793195.jpg 0
Faces\1609959533.3627455.jpg 0
Faces\1609959533.6473444.jpg 0
Faces\1609959533.932245.jpg 0
Faces\1609959534.2109566.jpg 0
Faces\1609959534.4812715.jpg 0
Faces\1609959534.7647772.jpg 0
Faces\1609959742.4917247.jpg 1 172 144 118 130
Faces\1609959743.3253918.jpg 1 139 172 156 151
Faces\1609959744.16351.jpg 1 238 193 157 166
Faces\1609959755.615174.jpg 1 239 137 109 106
Faces\1609959756.733954.jpg 1 244 140 108 91
Faces\1609959760.9173336.jpg 1 246 142 106 104
Faces\1609959761.7669256.jpg 1 248 143 100 105
Faces\1609959775.8579497.jpg 1 279 140 79 88
Faces\1609959776.4374099.jpg 1 269 138 101 91
Faces\1609959777.8075197.jpg 1 272 123 99 93
Faces\1609960365.5188024.jpg 1 288 62 103 107
Faces\1609960369.3852615.jpg 1 281 112 89 107
Faces\1609960379.40218.jpg 1 174 76 119 117
Faces\1609960384.5127199.jpg 1 194 77 105 122
Faces\1609960398.4908004.jpg 1 209 71 102 91
Faces\1609960404.6775672.jpg 1 197 62 108 107
Faces\1609960417.2905207.jpg 1 184 72 116 105
Faces\1609960425.07131.jpg 1 275 109 115 114
Faces\1609960460.3787992.jpg 0
Faces\1609960475.6854699.jpg 1 161 111 128 120
Faces\1609961143.0290697.jpg 0
Faces\1609961144.147453.jpg 1 217 96 116 107
Faces\1609961145.834732.jpg 1 221 154 139 138
Faces\1609961146.6508162.jpg 1 217 163 146 146
Faces\1609961147.4992983.jpg 1 163 155 130 155
Faces\1609961148.9019444.jpg 1 155 164 150 164
Faces\1609961150.2895825.jpg 1 158 173 156 159
Faces\1609961151.1294277.jpg 1 156 189 165 173
Faces\1609961152.5256078.jpg 1 101 223 180 206
Faces\1609961154.198848.jpg 1 2 258 169 185
Faces\1609961548.5581481.jpg 0
Faces\1609961549.8841028.jpg 0
Faces\1609961550.7220402.jpg 0
Faces\1609961551.2860174.jpg 0
Faces\1609961552.3837156.jpg 1 287 169 130 120
Faces\1609961553.7241526.jpg 1 306 204 127 132
Faces\1609961555.8571787.jpg 0
Faces\1609961556.6907868.jpg 1 317 193 105 116
Faces\1609961558.0479825.jpg 0
Faces\1609961558.8659594.jpg 1 141 264 185 159
Faces\1609961560.2323003.jpg 0
Faces\1609961560.5019195.jpg 0
Faces\1609961560.7715378.jpg 0
Faces\1609961561.0567956.jpg 0
Faces\1609961561.335531.jpg 0
Faces\1609961561.6051607.jpg 0
Faces\1609961561.8747795.jpg 0
Faces\1609961562.1600285.jpg 0
Faces\1609961562.4398525.jpg 0
Faces\1609961562.993063.jpg 0
Faces\1609961601.8759634.jpg 0
Faces\1609961603.828422.jpg 1 258 138 132 115
Faces\1609961609.3597834.jpg 1 190 131 123 133
Faces\1609961617.5439453.jpg 1 277 135 127 124
Faces\1609961626.939841.jpg 1 277 126 119 113
Faces\1609961627.7734475.jpg 1 281 128 117 104
Faces\1609961642.1996012.jpg 1 293 123 122 97
Faces\1609961643.842059.jpg 1 307 128 113 107
Faces\1609961645.2240078.jpg 1 301 162 113 121
Faces\1609961647.399122.jpg 1 218 135 133 136
Faces\1609961900.7093968.jpg 0
Faces\1609961901.2686813.jpg 0
Faces\1609961901.8116531.jpg 1 248 181 106 89
Faces\1609961902.3647075.jpg 1 239 60 107 107
Faces\1609961902.9126644.jpg 1 238 76 104 117
Faces\1609961903.482335.jpg 1 193 102 135 133
Faces\1609961903.7613873.jpg 1 125 114 164 156
Faces\1609961904.0514362.jpg 1 86 124 184 159
Faces\1609961904.3297682.jpg 1 65 170 167 151
Faces\1609961904.614371.jpg 1 31 191 174 169
Faces\1609962377.2801404.jpg 1 280 86 100 103
Faces\1609962377.565087.jpg 1 250 107 111 108
Faces\1609962378.1347225.jpg 1 255 165 133 127
Faces\1609962378.4130526.jpg 1 236 176 156 160
Faces\1609962378.9607942.jpg 1 110 244 163 193
Faces\1609962379.2460396.jpg 1 80 268 195 198
Faces\1609962394.144658.jpg 1 112 264 209 201
Faces\1609962399.6426039.jpg 1 94 288 213 190
Faces\1609962403.064298.jpg 0
Faces\1609962403.6123202.jpg 0
Faces\1609963955.2843943.jpg 0
Faces\1609963955.8376443.jpg 0
Faces\1609963956.1228116.jpg 2 215 105 101 109 327 125 125 110
Faces\1609963956.644171.jpg 2 339 123 101 107 191 130 124 120
Faces\1609963956.9080424.jpg 2 203 148 134 133 336 125 127 118
Faces\1609963957.1798184.jpg 2 333 130 127 109 194 182 130 132
Faces\1609963957.4473755.jpg 2 134 192 156 145 326 134 124 122
Faces\1609963957.7318647.jpg 2 332 148 121 125 116 187 164 161
Faces\1609963957.9992776.jpg 2 108 218 170 154 309 158 123 129
Faces\1609963958.2689736.jpg 2 289 160 121 121 122 239 170 161
Faces\1609964133.1108117.jpg 0
Faces\1609964134.2246964.jpg 1 241 128 116 116
Faces\1609964134.7947934.jpg 1 215 166 158 145
Faces\1609964135.0735292.jpg 1 228 179 162 154
Faces\1609964135.353191.jpg 1 205 204 176 172
Faces\1609964135.637839.jpg 1 157 225 187 201
Faces\1609964146.12149.jpg 2 278 218 186 185 25 241 213 221
Faces\1609964153.600079.jpg 1 154 187 163 167
Faces\1609964175.619707.jpg 1 2 230 144 144
Faces\1609964235.2687097.jpg 1 84 174 154 149
Faces\1609967439.796226.jpg 0
Faces\1609967440.0663414.jpg 0
Faces\1609967440.343244.jpg 0
Faces\1609967440.6137667.jpg 1 226 158 96 103
Faces\1609967441.678198.jpg 1 156 233 156 136
Faces\1609967441.9465005.jpg 1 165 270 157 148
Faces\1609967442.4773555.jpg 1 144 305 159 153
Faces\1609967444.3335216.jpg 2 148 94 143 146 143 317 160 138
Faces\1609967451.427152.jpg 2 325 321 158 155 72 144 169 193
Faces\1609967452.497899.jpg 1 327 332 144 144
Faces\1609968464.0337644.jpg 0
Faces\1609968464.5780263.jpg 0
Faces\1609968465.1095598.jpg 0
Faces\1609968465.9327126.jpg 0
Faces\1609968467.0159009.jpg 0
Faces\1609968469.960055.jpg 0
Faces\1609968470.2223773.jpg 0
Faces\1609968470.7551928.jpg 0
Faces\1609968471.2935617.jpg 0
Faces\1609968473.4484766.jpg 0
Faces\1609969626.984197.jpg 0
Faces\1609969627.520512.jpg 0
Faces\1609969628.056958.jpg 0
Faces\1609969645.3213568.jpg 0
Faces\1609969645.5927176.jpg 0
Faces\1609969645.855401.jpg 0
Faces\1609969659.3864532.jpg 0
Faces\1609969659.657015.jpg 0
Faces\1609969660.1723304.jpg 0
Faces\1609969660.4350927.jpg 0
Faces\1609970890.6260567.jpg 0
Faces\1609970890.8902493.jpg 0
Faces\1609970891.1641426.jpg 0
Faces\1609970891.433269.jpg 0
Faces\1609970891.6993473.jpg 0
Faces\1609970891.9689536.jpg 0
Faces\1609970892.500974.jpg 0
Faces\1609970905.7712667.jpg 0
Faces\1609970906.0437825.jpg 0
Faces\1609970906.3290315.jpg 0
Faces\1610052041.0964642.jpg 0
Faces\1610052041.9830365.jpg 0
Faces\1610052043.3768601.jpg 1 204 211 140 127
Faces\1610052044.5072532.jpg 1 129 228 157 144
Faces\1610052045.8792746.jpg 1 151 265 170 171
Faces\1610052047.265695.jpg 1 133 250 182 172
Faces\1610052048.6380956.jpg 1 155 268 161 156
Faces\1610052049.7408035.jpg 1 154 269 168 171
Faces\1610052051.117406.jpg 1 91 274 170 168
Faces\1610052051.386512.jpg 1 82 274 179 157
Faces\1610052225.5420234.jpg 1 111 232 152 155
Faces\1610052226.6828907.jpg 0
Faces\1610052234.9120755.jpg 1 193 140 110 125
Faces\1610052235.1813753.jpg 1 165 162 130 122
Faces\1610052236.0145738.jpg 1 143 176 129 137
Faces\1610052236.284053.jpg 1 161 181 165 143
Faces\1610052237.6249735.jpg 1 223 215 139 123
Faces\1610052240.079248.jpg 1 202 210 163 156
Faces\1610052241.451591.jpg 1 130 203 158 138
Faces\1610052242.2630763.jpg 1 156 208 141 139
Faces\1610052343.2170873.jpg 0
Faces\1610052344.3128188.jpg 0
Faces\1610052345.6774569.jpg 0
Faces\1610052350.0156324.jpg 0
Faces\1610052354.959658.jpg 0
Faces\1610052355.2430685.jpg 0
Faces\1610052356.600853.jpg 0
Faces\1610052357.420061.jpg 0
Faces\1610052359.8259652.jpg 0
Faces\1610052360.6416054.jpg 0
Faces\1610057052.2197726.jpg 1 302 75 90 95
Faces\1610057053.0516765.jpg 1 282 96 112 113
Faces\1610057053.3461943.jpg 1 267 97 129 114
Faces\1610057053.6448746.jpg 1 300 116 106 103
Faces\1610057053.944979.jpg 1 308 117 110 121
Faces\1610057054.2465749.jpg 1 300 136 122 129
Faces\1610057054.5471988.jpg 1 241 143 128 155
Faces\1610057054.8398821.jpg 1 168 129 145 169
Faces\1610057055.1114707.jpg 1 128 158 188 175
Faces\1610057055.398362.jpg 1 122 195 186 190
Faces\1610057577.9911788.jpg 1 292 148 86 86
Faces\1610057578.8948011.jpg 1 270 173 115 96
Faces\1610057579.1955116.jpg 2 304 118 76 78 236 174 124 104
Faces\1610057580.996915.jpg 2 142 184 139 138 251 143 112 99
Faces\1610057581.2822704.jpg 2 151 197 138 116 241 148 107 102
Faces\1610057582.993477.jpg 2 158 198 125 134 277 151 105 102
Faces\1610057584.6952262.jpg 3 163 198 115 113 294 141 97 119 368 208 117 131
Faces\1610057586.348432.jpg 3 361 220 132 135 306 149 90 88 160 193 128 119
Faces\1610057586.9332042.jpg 3 156 195 107 115 297 145 109 97 353 198 123 139
Faces\1610057587.2302172.jpg 3 358 219 145 136 308 145 87 95 162 195 118 116
Faces\1610123293.5822928.jpg 0
Faces\1610123295.886739.jpg 1 192 226 135 131
Faces\1610123297.0417306.jpg 1 228 226 129 125
Faces\1610123299.8523312.jpg 0
Faces\1610123303.7142155.jpg 1 192 235 127 135
Faces\1610123358.0075283.jpg 1 138 251 157 144
Faces\1610123377.8839288.jpg 1 208 249 132 146
Faces\1610123379.0475204.jpg 1 153 250 165 161
Faces\1610123393.6501212.jpg 1 230 259 150 136
Faces\1610123412.9767365.jpg 1 230 265 169 131
Faces\1610125018.632107.jpg 0
Faces\1610125018.914617.jpg 0
Faces\1610125019.4784865.jpg 0
Faces\1610125020.3502684.jpg 1 267 165 97 108
Faces\1610125020.9097326.jpg 1 239 192 152 133
Faces\1610125021.2113757.jpg 1 204 204 175 166
Faces\1610125021.5088654.jpg 1 159 239 177 163
Faces\1610125021.807257.jpg 1 110 250 179 168
Faces\1610125024.9116182.jpg 1 59 277 206 189
Faces\1610125025.2086234.jpg 1 78 270 181 181
Faces\1610125387.1103706.jpg 0
Faces\1610125387.9776888.jpg 0
Faces\1610125388.8232691.jpg 0
Faces\1610125389.3753598.jpg 0
Faces\1610125389.656748.jpg 0
Faces\1610125391.0484831.jpg 0
Faces\1610125396.7167902.jpg 0
Faces\1610125397.3286293.jpg 0
Faces\1610125399.8555741.jpg 0
Faces\1610125400.156515.jpg 0
Faces\1610125936.986798.jpg 0
Faces\1610125937.5483484.jpg 0
Faces\1610125937.8273032.jpg 0
Faces\1610125938.1229167.jpg 0
Faces\1610125938.4298415.jpg 1 272 140 115 114
Faces\1610125938.7379272.jpg 1 266 159 108 106
Faces\1610125939.0432847.jpg 1 273 184 113 123
Faces\1610125939.3167403.jpg 1 250 196 131 147
Faces\1610125939.6002145.jpg 1 154 231 173 168
Faces\1610125939.892179.jpg 1 81 261 182 172
Faces\1610126443.4134586.jpg 1 283 211 86 94
Faces\1610126447.5315742.jpg 1 256 231 106 113
Faces\1610126448.1409562.jpg 1 249 234 119 113
Faces\1610126449.2681167.jpg 1 226 249 130 108
Faces\1610126452.5746224.jpg 1 238 269 131 132
Faces\1610126452.88057.jpg 1 237 267 135 133
Faces\1610126457.2485535.jpg 1 251 259 129 127
Faces\1610126466.023807.jpg 1 283 253 113 119
Faces\1610126490.8050997.jpg 1 254 235 123 104
Faces\1610126494.9123392.jpg 1 251 299 123 129
Faces\1610126816.9717057.jpg 1 258 187 91 92
Faces\1610126817.5249605.jpg 1 302 200 97 128
Faces\1610126824.9616542.jpg 1 316 154 95 103
Faces\1610126828.2827659.jpg 2 313 132 74 101 322 222 131 129
Faces\1610126836.506625.jpg 3 314 223 106 113 155 170 120 122 322 133 128 97
Faces\1610126837.1078336.jpg 3 307 212 123 103 324 125 81 92 147 188 117 133
Faces\1610126837.9630039.jpg 3 164 234 158 167 280 215 101 108 221 123 103 102
Faces\1610126839.1736345.jpg 3 232 275 177 160 185 219 138 114 271 127 96 110
Faces\1610126852.9742146.jpg 2 275 214 110 119 240 125 101 123
Faces\1610126854.7089841.jpg 2 302 217 113 123 289 129 100 106
Faces\1610127620.7413707.jpg 1 306 103 83 92
Faces\1610127621.5828824.jpg 2 265 117 99 100 388 135 74 81
Faces\1610127623.0386226.jpg 1 290 146 123 124
Faces\1610127624.9663603.jpg 1 270 142 118 134
Faces\1610127629.3512926.jpg 1 251 158 119 125
Faces\1610127629.6235278.jpg 1 221 159 127 128
Faces\1610127633.823518.jpg 2 330 199 93 105 242 159 107 120
Faces\1610127635.2884414.jpg 1 255 126 98 108
Faces\1610127648.7877355.jpg 1 239 137 98 114
Faces\1610127655.6304133.jpg 1 242 119 96 114
Faces\1610128453.3022556.jpg 1 251 123 101 105
Faces\1610128456.369479.jpg 1 167 197 156 123
Faces\1610128457.7694738.jpg 1 167 237 146 127
Faces\1610128458.0672872.jpg 1 138 208 187 157
Faces\1610128459.7814977.jpg 1 163 189 149 146
Faces\1610128460.9439452.jpg 1 182 176 142 112
Faces\1610128466.591992.jpg 1 156 181 152 129
Faces\1610128473.125598.jpg 1 198 177 145 114
Faces\1610128478.089805.jpg 1 204 175 131 120
Faces\1610128481.206891.jpg 1 125 186 153 144
Faces\1610129099.729302.jpg 0
Faces\1610129101.9061818.jpg 0
Faces\1610129107.766071.jpg 0
Faces\1610129110.5077264.jpg 0
Faces\1610129115.472806.jpg 0
Faces\1610129136.2068398.jpg 0
Faces\1610129147.8822489.jpg 0
Faces\1610129201.7769725.jpg 1 279 185 122 127
Faces\1610129224.317989.jpg 0
Faces\1610129272.910985.jpg 0
Faces\1610129386.9985836.jpg 0
Faces\1610129390.5105526.jpg 0
Faces\1610129391.0839388.jpg 0
Faces\1610129391.3630903.jpg 0
Faces\1610129391.6579869.jpg 0
Faces\1610129391.9505155.jpg 0
Faces\1610129394.8899124.jpg 0
Faces\1610129395.1772754.jpg 0
Faces\1610129395.4516187.jpg 0
Faces\1610129396.009494.jpg 0
Faces\1610129778.6838465.jpg 0
Faces\1610129779.2383516.jpg 0
Faces\1610129780.640393.jpg 0
Faces\1610129780.9467428.jpg 0
Faces\1610129781.5688486.jpg 0
Faces\1610129782.1528046.jpg 0
Faces\1610129782.7459333.jpg 0
Faces\1610129783.3110785.jpg 1 233 214 154 127
Faces\1610129783.8944662.jpg 1 158 266 160 157
Faces\1610129784.4480069.jpg 0
Faces\1610129794.3991327.jpg 1 241 178 128 115
Faces\1610129795.7457867.jpg 1 206 169 131 131
Faces\1610129796.8766246.jpg 1 267 180 161 165
Faces\1610129799.0627456.jpg 1 325 209 172 166
Faces\1610129801.0414243.jpg 1 297 259 185 162
Faces\1610129801.6126359.jpg 1 318 267 170 191
Faces\1610129816.328833.jpg 1 285 202 146 156
Faces\1610129817.9727397.jpg 1 250 206 177 174
Faces\1610129819.3180923.jpg 1 260 244 185 177
Faces\1610129839.156853.jpg 1 265 203 160 143
Faces\1610130587.273924.jpg 0
Faces\1610130587.5535467.jpg 0
Faces\1610130590.9997852.jpg 1 221 177 105 118
Faces\1610130592.11443.jpg 1 217 202 110 125
Faces\1610130592.4017904.jpg 1 202 215 112 120
Faces\1610130592.6894495.jpg 1 193 224 150 135
Faces\1610130592.9930947.jpg 1 198 234 141 146
Faces\1610130593.269669.jpg 1 175 253 148 154
Faces\1610130593.5566156.jpg 1 124 281 153 158
Faces\1610130593.860421.jpg 0
Faces\1610131744.6270268.jpg 0
Faces\1610131744.9344919.jpg 0
Faces\1610131745.23732.jpg 0
Faces\1610131745.543917.jpg 0
Faces\1610131745.8450603.jpg 0
Faces\1610131746.11957.jpg 0
Faces\1610131746.4012854.jpg 0
Faces\1610131746.708233.jpg 0
Faces\1610131747.0170825.jpg 0
Faces\1610131747.3074675.jpg 0
Faces\1610132492.2490177.jpg 0
Faces\1610132492.8450003.jpg 0
Faces\1610132493.1381698.jpg 0
Faces\1610132493.9873416.jpg 0
Faces\1610132498.3586466.jpg 1 198 205 143 124
Faces\1610132500.324278.jpg 1 170 199 140 138
Faces\1610132501.134086.jpg 1 153 202 147 124
Faces\1610132503.6851275.jpg 1 201 200 122 125
Faces\1610132513.3736029.jpg 1 215 179 100 101
Faces\1610132514.5599725.jpg 0
Faces\1610133360.0951638.jpg 0
Faces\1610133360.435838.jpg 0
Faces\1610133360.725591.jpg 0
Faces\1610133361.0012593.jpg 0
Faces\1610133361.2825646.jpg 0
Faces\1610133361.5692263.jpg 0
Faces\1610133361.841346.jpg 0
Faces\1610133362.120012.jpg 0
Faces\1610133362.4080422.jpg 0
Faces\1610133362.6812544.jpg 0
Faces\1610133809.8910296.jpg 1 286 161 102 101
Faces\1610133811.274338.jpg 1 285 205 138 151
Faces\1610133812.1136336.jpg 1 167 235 180 167
Faces\1610133812.3883278.jpg 1 130 245 194 176
Faces\1610133856.5773604.jpg 1 103 255 200 177
Faces\1610133859.1290636.jpg 1 189 174 130 120
Faces\1610133859.4226792.jpg 1 180 179 125 117
Faces\1610133859.9753377.jpg 1 190 178 102 117
Faces\1610133860.2711294.jpg 1 197 181 119 118
Faces\1610133878.1829405.jpg 1 198 163 111 95
Faces\1610135736.0438993.jpg 1 304 143 98 95
Faces\1610135736.334649.jpg 1 284 150 100 105
Faces\1610135736.6121497.jpg 1 305 171 106 113
Faces\1610135736.893653.jpg 1 295 177 131 141
Faces\1610135737.1786122.jpg 1 252 206 141 135
Faces\1610135737.4529085.jpg 1 207 214 155 160
Faces\1610135737.7313447.jpg 1 176 260 166 169
Faces\1610135759.1532116.jpg 1 252 230 164 151
Faces\1610135759.4271204.jpg 1 240 208 177 156
Faces\1610135759.712791.jpg 1 221 191 172 183
Faces\1610137303.3305275.jpg 1 314 296 156 148
Faces\1610137304.1541858.jpg 0
Faces\1610137304.4508908.jpg 0
Faces\1610137304.7234123.jpg 0
Faces\1610137305.0032976.jpg 0
Faces\1610137305.3012567.jpg 0
Faces\1610137305.6008742.jpg 0
Faces\1610137305.8929894.jpg 0
Faces\1610137306.4346445.jpg 0
Faces\1610137309.0923798.jpg 0
Faces\1610138054.8264453.jpg 0
Faces\1610138055.3577626.jpg 0
Faces\1610138055.6302485.jpg 0
Faces\1610138055.9023829.jpg 0
Faces\1610138056.434914.jpg 1 255 147 90 84
Faces\1610138056.7075014.jpg 1 247 152 106 94
Faces\1610138056.980309.jpg 1 229 153 109 110
Faces\1610138057.253633.jpg 1 213 169 117 102
Faces\1610138057.5266206.jpg 1 244 166 120 115
Faces\1610138057.8155437.jpg 1 250 166 118 115
Faces\1610138900.161918.jpg 0
Faces\1610138900.4419107.jpg 0
Faces\1610138900.7207894.jpg 1 294 166 86 89
Faces\1610138901.270859.jpg 1 298 190 100 90
Faces\1610138902.0640702.jpg 1 288 196 110 104
Faces\1610141517.7582188.jpg 0
Faces\1610141518.0622215.jpg 0
Faces\1610141518.3764374.jpg 0
Faces\1610141518.663795.jpg 0
Faces\1610141518.9508464.jpg 1 214 208 130 114
Faces\1610141519.2566197.jpg 1 212 217 139 136
Faces\1610141519.5505319.jpg 1 190 240 143 128
Faces\1610141519.8252156.jpg 1 134 252 171 150
Faces\1610141520.1177056.jpg 1 89 265 183 153
Faces\1610141520.4022639.jpg 1 68 291 218 162
Faces\1610142980.9890747.jpg 1 324 113 96 104
Faces\1610142981.2825487.jpg 1 306 128 117 120
Faces\1610142981.5568361.jpg 1 291 148 98 107
Faces\1610142981.8398695.jpg 1 276 162 119 126
Faces\1610142982.1336613.jpg 1 240 191 154 141
Faces\1610142982.4062147.jpg 1 174 201 164 170
Faces\1610142982.6845703.jpg 1 94 224 176 180
Faces\1610142993.0913856.jpg 1 198 286 163 187
Faces\1610142993.3773386.jpg 1 232 271 171 199
Faces\1610142993.6653154.jpg 1 211 274 188 197
Faces\1610144351.4284246.jpg 0
Faces\1610144351.7333057.jpg 0
Faces\1610144352.028265.jpg 0
Faces\1610144352.564947.jpg 0
Faces\1610144352.8581932.jpg 0
Faces\1610144353.158094.jpg 0
Faces\1610144353.4554179.jpg 0
Faces\1610144353.7280252.jpg 0
Faces\1610144354.0117605.jpg 0
Faces\1610146180.7353988.jpg 1 280 128 110 107
Faces\1610146181.3318899.jpg 1 267 138 129 129
Faces\1610146181.6355848.jpg 1 279 151 124 125
Faces\1610146182.2407446.jpg 1 229 154 143 124
Faces\1610146182.5436678.jpg 1 217 161 138 125
Faces\1610146182.8394167.jpg 1 228 168 129 136
Faces\1610146183.4006495.jpg 1 237 163 141 152
Faces\1610146183.6997237.jpg 1 224 167 140 131
Faces\1610146183.9956424.jpg 1 218 149 147 157
Faces\1610146186.2076898.jpg 1 185 168 139 124
Faces\1610212349.9787092.jpg 0
Faces\1610212350.2676976.jpg 0
Faces\1610212350.5941384.jpg 0
Faces\1610212350.8896616.jpg 0
Faces\1610212351.1907365.jpg 0
Faces\1610212351.4942963.jpg 0
Faces\1610221696.0721204.jpg 1 290 115 109 116
Faces\1610221696.3527772.jpg 1 274 124 114 121
Faces\1610221696.650228.jpg 0
Faces\1610221696.9455297.jpg 0
Faces\1610221697.217212.jpg 0
Faces\1610221697.4974902.jpg 0
Faces\1610221697.799232.jpg 1 281 201 96 92
Faces\1610221698.0944648.jpg 2 283 198 92 117 176 186 139 164
Faces\1610221698.646875.jpg 1 298 211 109 120
Faces\1610221698.943483.jpg 1 279 231 112 113
Faces\1610221699.8038802.jpg 1 226 238 104 125
Faces\1610221700.0818167.jpg 1 223 236 117 136
Faces\1610221700.3757243.jpg 1 227 243 114 127
Faces\1610221700.6775649.jpg 1 229 247 106 112
Faces\1610221700.989135.jpg 1 224 227 119 139
Faces\1610221702.341613.jpg 1 213 240 141 141
Faces\1610221702.6365798.jpg 1 209 237 154 149
Faces\1610221702.9312255.jpg 1 217 256 157 140
Faces\1610221703.235322.jpg 1 235 266 163 157
Faces\1610221704.055947.jpg 1 223 305 163 155
Faces\1610222191.1639893.jpg 1 277 109 114 123
Faces\1610222191.4487565.jpg 1 251 115 140 128
Faces\1610222191.7443273.jpg 1 253 120 148 141
Faces\1610222192.0155654.jpg 1 232 137 157 145
Faces\1610222192.2945287.jpg 1 206 152 139 141
Faces\1610222192.5968528.jpg 1 175 156 175 165
Faces\1610222192.887049.jpg 1 138 171 216 194
Faces\1610222193.4241354.jpg 1 31 184 202 182
Faces\1610222451.458287.jpg 1 265 154 105 110
Faces\1610222451.7682455.jpg 1 249 160 114 116
Faces\1610222452.0634267.jpg 1 255 188 123 127
Faces\1610222452.3345344.jpg 1 276 210 141 134
Faces\1610222452.6111114.jpg 1 302 227 135 135
Faces\1610222453.155022.jpg 1 209 227 162 137
Faces\1610222453.9550467.jpg 1 52 286 200 181
Faces\1610222538.871534.jpg 0
Faces\1610222615.6563628.jpg 0
Faces\1610222615.9379737.jpg 0
Faces\1610222616.2279758.jpg 0
Faces\1610222616.4997895.jpg 0
Faces\1610222616.7792008.jpg 0
Faces\1610223094.1909933.jpg 0
Faces\1610223094.7432425.jpg 0
Faces\1610223098.9511108.jpg 0
Faces\1610223099.226078.jpg 1 209 262 147 142
Faces\1610223100.6903787.jpg 0
Faces\1610223102.6139832.jpg 0
Faces\1610223103.7460592.jpg 0
Faces\1610223104.6066082.jpg 0
Faces\1610223105.1698756.jpg 0
Faces\1610223105.4497113.jpg 0
Faces\1610223359.1342547.jpg 1 250 163 117 123
Faces\1610223359.7362628.jpg 1 173 167 143 142
Faces\1610223360.3424883.jpg 1 150 170 151 145
Faces\1610223363.5781696.jpg 1 217 201 125 126
Faces\1610223363.866587.jpg 1 208 187 154 149
Faces\1610223364.4062886.jpg 1 206 197 146 141
Faces\1610223366.2841785.jpg 1 131 180 146 156
Faces\1610223366.8482118.jpg 1 86 199 163 142
Faces\1610223367.1269505.jpg 1 73 223 162 161
Faces\1610223367.4120753.jpg 1 53 243 157 160
Faces\1610223774.2093334.jpg 0
Faces\1610223774.4914534.jpg 0
Faces\1610223774.7889884.jpg 0
Faces\1610223775.3443663.jpg 0
Faces\1610223778.7761033.jpg 0
Faces\1610223779.0488844.jpg 0
Faces\1610223779.847101.jpg 0
Faces\1610223780.1199596.jpg 0
Faces\1610223780.6658423.jpg 0
Faces\1610223780.946391.jpg 0
Faces\1610223787.7054083.jpg 1 327 166 93 95
Faces\1610223788.244006.jpg 1 296 178 99 91
Faces\1610223789.3134038.jpg 0
Faces\1610223789.5865562.jpg 1 293 159 112 95
Faces\1610223789.8628137.jpg 1 311 159 101 93
Faces\1610223790.1473856.jpg 1 306 154 103 97
Faces\1610223790.4184043.jpg 1 283 163 90 94
Faces\1610223815.7848501.jpg 0
Faces\1610223819.0139935.jpg 1 231 194 117 117
Faces\1610223819.310909.jpg 1 209 211 122 126
Faces\1610223819.6009407.jpg 0
Faces\1610223819.8724635.jpg 0
Faces\1610224331.1122704.jpg 1 268 167 84 85
Faces\1610224331.397929.jpg 1 257 178 106 99
Faces\1610224331.6700804.jpg 1 250 186 114 119
Faces\1610224331.9566748.jpg 1 238 218 115 128
Faces\1610224332.251411.jpg 1 191 246 129 136
Faces\1610224745.311205.jpg 1 213 158 117 117
Faces\1610224745.8522096.jpg 1 162 170 148 146
Faces\1610224746.1382492.jpg 1 166 176 164 164
Faces\1610224746.4106648.jpg 1 180 172 147 142
Faces\1610224746.6914194.jpg 1 179 166 155 137
Faces\1610224746.9881406.jpg 1 188 168 142 135
Faces\1610224750.0302963.jpg 1 149 175 162 141
Faces\1610224750.3185048.jpg 1 156 177 149 140
Faces\1610224751.7657788.jpg 1 255 190 158 143
Faces\1610224752.616143.jpg 1 238 240 165 173
Faces\1610224763.2883143.jpg 2 228 288 168 179 115 283 138 151
Faces\1610224764.9012413.jpg 2 232 245 189 186 106 281 159 153
Faces\1610224765.182786.jpg 2 221 248 164 184 107 286 147 153
Faces\1610224767.0721338.jpg 2 220 255 170 205 93 281 169 159
Faces\1610224769.1982853.jpg 2 214 265 190 201 113 296 152 147
Faces\1610224795.3257747.jpg 1 96 295 168 153
Faces\1610224795.8603964.jpg 1 96 283 149 160
Faces\1610224831.1662982.jpg 1 37 325 159 145
Faces\1610224969.7867622.jpg 2 340 264 132 138 102 278 164 148
Faces\1610224970.063281.jpg 2 105 274 160 143 323 263 155 136
Faces\1610225063.0026026.jpg 2 355 276 140 159 381 157 95 74
Faces\1610225093.4264717.jpg 2 284 211 117 117 361 292 140 144
Faces\1610225094.2541065.jpg 2 353 298 139 133 268 221 114 123
Faces\1610225098.5501332.jpg 2 283 204 105 111 348 295 149 149
Faces\1610225109.6475306.jpg 2 344 291 141 147 292 213 110 110
Faces\1610225129.0104244.jpg 2 339 296 159 135 291 212 120 109
Faces\1610225131.694977.jpg 2 342 288 146 145 302 210 98 109
Faces\1610225145.8976896.jpg 2 366 295 144 148 294 213 117 133
Faces\1610225147.288005.jpg 2 372 299 143 145 286 212 124 127
Faces\1610225147.8493218.jpg 2 359 299 154 144 289 214 119 117
Faces\1610225160.8575258.jpg 3 284 227 109 104 233 145 98 112 352 302 159 154
Faces\1610225862.0466552.jpg 1 314 198 100 113
Faces\1610225862.342781.jpg 1 303 220 109 113
Faces\1610225862.639672.jpg 1 266 232 122 115
Faces\1610225862.9128277.jpg 1 260 252 123 117
Faces\1610225863.1941886.jpg 1 274 257 129 148
Faces\1610225863.4896111.jpg 1 285 284 146 150
Faces\1610225863.7947147.jpg 1 245 320 157 149
Faces\1610225865.2187383.jpg 1 278 125 109 120
Faces\1610225865.4899292.jpg 2 372 149 74 96 265 143 129 128
Faces\1610225865.7806234.jpg 1 226 155 132 129
Faces\1610225866.0691495.jpg 2 193 159 129 135 325 165 95 103
Faces\1610225866.3444202.jpg 2 195 180 159 157 317 175 93 99
Faces\1610225866.6216807.jpg 2 205 196 150 166 331 188 79 104
Faces\1610225866.9155853.jpg 2 182 215 168 166 320 188 111 114
Faces\1610225867.2053587.jpg 2 322 206 97 101 123 225 165 180
Faces\1610225867.4813924.jpg 2 66 246 176 197 296 213 114 127
Faces\1610225867.764274.jpg 2 264 218 112 108 68 272 194 198
Faces\1610228113.3791397.jpg 1 298 180 89 102
Faces\1610228113.672077.jpg 1 300 192 87 91
Faces\1610228113.953117.jpg 1 291 190 98 95
Faces\1610228114.800971.jpg 1 255 188 102 100
Faces\1610228115.0796978.jpg 1 234 198 103 105
Faces\1610228115.6233664.jpg 1 230 195 107 107
Faces\1610228119.6176202.jpg 1 225 259 118 129
Faces\1610228119.894852.jpg 1 189 256 131 153
Faces\1610228120.1872754.jpg 1 188 292 135 162
Faces\1610228353.1060991.jpg 1 313 198 100 97
Faces\1610228353.3987527.jpg 1 276 206 111 108
Faces\1610228353.6909585.jpg 1 250 217 112 103
Faces\1610228353.9680955.jpg 1 250 232 111 112
Faces\1610228354.2463007.jpg 1 267 251 129 124
Faces\1610228355.575567.jpg 2 333 173 95 96 170 296 145 137
Faces\1610228355.8522103.jpg 2 134 331 186 136 317 174 95 96
Faces\1610230388.1512387.jpg 0
Faces\1610230388.951052.jpg 1 281 141 94 104
Faces\1610230389.2253857.jpg 1 259 155 89 104
Faces\1610230389.506564.jpg 1 228 163 109 116
Faces\1610230389.792405.jpg 1 181 160 113 123
Faces\1610230390.3333204.jpg 1 175 193 123 129
Faces\1610230390.6228166.jpg 1 192 206 131 135
Faces\1610230390.9019241.jpg 1 210 229 148 143
Faces\1610230391.451849.jpg 1 154 278 168 160
Faces\1610230391.7448227.jpg 1 138 301 184 155
Faces\1610231881.9647684.jpg 1 252 179 127 111
Faces\1610231882.2444673.jpg 1 251 196 121 110
Faces\1610231882.530759.jpg 1 265 201 119 119
Faces\1610231882.8030906.jpg 1 221 231 138 126
Faces\1610231883.0820725.jpg 1 158 246 155 132
Faces\1610231883.3712344.jpg 1 117 263 179 155
Faces\1610231883.6424499.jpg 1 83 271 190 189
Faces\1610231883.920511.jpg 0
Faces\1610231901.2544556.jpg 1 304 154 104 104
Faces\1610231901.5271988.jpg 1 283 150 96 126
Faces\1610231901.807664.jpg 1 265 169 109 122
Faces\1610231902.0960717.jpg 1 232 179 143 159
Faces\1610231902.3830879.jpg 1 183 200 152 184
Faces\1610231902.6616938.jpg 1 103 216 158 156
Faces\1610231902.9526365.jpg 1 44 241 148 157
Faces\1610232013.099591.jpg 1 164 215 168 141
Faces\1610232013.372074.jpg 1 188 232 157 156
Faces\1610232013.6593575.jpg 1 219 264 154 169
Faces\1610232198.821374.jpg 1 336 182 85 83
Faces\1610232199.3696077.jpg 1 364 192 86 87
Faces\1610232205.3927245.jpg 1 354 188 100 112
Faces\1610232205.6648295.jpg 1 347 183 99 99
Faces\1610232205.9424787.jpg 1 347 187 101 105
Faces\1610232206.227061.jpg 1 341 196 78 81
Faces\1610232207.5469713.jpg 1 353 204 102 92
Faces\1610232207.8301766.jpg 1 341 189 118 114
Faces\1610232214.4124484.jpg 2 329 196 100 106 196 163 88 99
Faces\1610232214.6923213.jpg 2 326 198 106 102 194 167 93 88
Faces\1610232215.2351394.jpg 1 317 195 132 99
Faces\1610232235.6349397.jpg 1 328 193 103 103
Faces\1610232683.8827689.jpg 1 361 161 103 90
Faces\1610232687.3476665.jpg 1 227 157 116 113
Faces\1610232687.6196928.jpg 1 228 171 120 114
Faces\1610232687.9002938.jpg 1 248 170 127 125
Faces\1610232688.1888509.jpg 1 262 188 134 122
Faces\1610232688.4614053.jpg 1 265 199 131 143
Faces\1610232688.741945.jpg 1 237 225 127 123
Faces\1610232689.0394957.jpg 1 207 228 174 166
Faces\1610233505.2210672.jpg 1 250 146 126 126
Faces\1610233505.49445.jpg 1 232 150 129 137
Faces\1610233505.7697654.jpg 1 187 158 164 143
Faces\1610233506.0615137.jpg 1 174 165 138 143
Faces\1610233507.9163373.jpg 1 188 177 137 137
Faces\1610233522.0588224.jpg 1 199 186 153 148
Faces\1610233522.3305256.jpg 1 206 191 136 141
Faces\1610233522.868649.jpg 1 181 184 150 139
Faces\1610233523.1400995.jpg 1 173 175 142 149
Faces\1610233526.5497656.jpg 1 171 195 130 144
Faces\1610346684.7785616.jpg 2 195 196 106 99 274 88 93 102
Faces\1610346685.3235524.jpg 1 204 208 125 108
Faces\1610346687.7129025.jpg 1 176 215 138 102
Faces\1610346687.9858525.jpg 2 148 213 120 113 257 100 90 90
Faces\1610346688.2670012.jpg 2 121 213 129 132 263 91 85 102
Faces\1610346688.5573647.jpg 2 131 226 127 120 254 100 103 97
Faces\1610346688.8293202.jpg 2 162 241 123 117 248 93 102 109
Faces\1610346723.1577206.jpg 2 130 267 138 127 238 107 109 123
Faces\1610346723.4477007.jpg 2 241 105 110 110 157 273 145 146
Faces\1610346726.6336164.jpg 2 151 258 134 139 238 107 108 120
Faces\1610347033.0656521.jpg 1 298 142 115 126
Faces\1610347033.8813155.jpg 1 278 152 121 129
Faces\1610347043.5816028.jpg 2 286 148 124 126 85 303 169 168
Faces\1610347045.1753094.jpg 2 150 271 128 141 292 150 123 133
Faces\1610347045.455925.jpg 2 132 266 140 144 285 150 128 137
Faces\1610347046.7976243.jpg 2 284 143 120 129 85 248 139 152
Faces\1610347051.0109293.jpg 2 62 262 137 154 275 140 130 128
Faces\1610347051.285026.jpg 1 283 128 120 127
Faces\1610347051.5702238.jpg 1 268 131 128 130
Faces\1610348125.1224444.jpg 1 261 125 103 104
Faces\1610348125.397702.jpg 1 256 129 100 111
Faces\1610348125.6923006.jpg 1 240 148 112 119
Faces\1610348125.988432.jpg 1 207 157 133 128
Faces\1610348126.5527005.jpg 1 178 174 133 137
Faces\1610348126.8466043.jpg 1 182 196 148 142
Faces\1610348127.1193469.jpg 1 166 200 160 169
Faces\1610348127.668221.jpg 1 125 237 176 165
Faces\1610348174.2215703.jpg 1 118 204 155 145
Faces\1610348174.759159.jpg 1 133 193 135 140
Faces\1610348342.9190962.jpg 2 250 198 111 113 154 164 98 114
Faces\1610348343.2074323.jpg 2 227 214 121 104 165 170 93 96
Faces\1610348344.9058843.jpg 2 117 249 129 129 204 184 108 118
Faces\1610348852.7263043.jpg 2 169 235 137 132 291 162 78 88
Faces\1610348853.006975.jpg 2 140 256 151 129 258 173 96 92
Faces\1610348853.2960393.jpg 1 224 175 98 92
Faces\1610348870.008594.jpg 3 284 141 98 104 228 317 164 155 139 183 104 99
Faces\1610348870.2815876.jpg 2 285 155 99 107 143 176 91 111
Faces\1610348870.5631483.jpg 2 287 173 121 107 134 187 102 96
Faces\1610348871.3976386.jpg 2 205 209 120 135 154 175 89 96
Faces\1610348871.687975.jpg 1 131 215 149 144
Faces\1610348880.5502794.jpg 2 55 221 138 159 345 216 109 116
Faces\1610348881.3757553.jpg 2 66 239 139 148 345 218 113 113
Faces\1610348888.2911952.jpg 2 328 219 116 118 57 236 151 145
Faces\1610348888.5756433.jpg 2 325 224 110 111 56 233 151 148
Faces\1610348890.7466304.jpg 2 60 231 135 153 326 217 110 116
Faces\1610348893.6827908.jpg 2 343 251 109 119 57 227 157 154
Faces\1610348916.8957062.jpg 2 291 215 103 117 148 154 118 113
Faces\1610348917.1883438.jpg 1 249 222 114 121
Faces\1610348917.4609313.jpg 1 223 229 125 130
Faces\1610348921.3970134.jpg 1 181 167 110 119
Faces\1610348921.9472182.jpg 1 216 160 119 114
Faces\1610348922.2259285.jpg 1 235 162 121 102
Faces\1610348924.6787515.jpg 1 201 150 117 126
Faces\1610348924.958723.jpg 1 201 149 123 128
Faces\1610348925.5059984.jpg 1 217 166 123 124
Faces\1610348925.7910194.jpg 1 235 169 130 127
Faces\1610348926.0888608.jpg 1 263 175 125 123
Faces\1610348929.8137014.jpg 1 225 168 114 105
Faces\1610348943.410301.jpg 1 282 161 119 122
Faces\1610348943.7028158.jpg 1 295 179 119 126
Faces\1610348943.9766812.jpg 1 289 184 146 134
Faces\1610348952.727396.jpg 1 322 195 139 128
Faces\1610348953.01534.jpg 1 317 192 132 130
Faces\1610348953.2879536.jpg 1 304 192 139 134
Faces\1610348993.6126876.jpg 1 268 152 106 103
Faces\1610348993.9029005.jpg 1 233 166 126 106
Faces\1610348994.1741798.jpg 1 198 169 115 115
Faces\1610348994.4568307.jpg 1 165 181 130 123
Faces\1610348994.7528803.jpg 1 131 208 134 127
Faces\1610348995.0499594.jpg 1 110 227 144 145
Faces\1610348995.3442001.jpg 1 64 243 163 161
Faces\1610349068.7194262.jpg 1 231 174 100 89
Faces\1610349069.0192928.jpg 1 201 180 105 110
Faces\1610349069.574416.jpg 1 105 219 130 121
Faces\1610349069.865806.jpg 1 61 264 143 150
Faces\1610349328.102505.jpg 1 247 175 127 120
Faces\1610349328.3820567.jpg 1 216 184 144 139
Faces\1610349329.4734013.jpg 1 251 200 149 135
Faces\1610349338.439924.jpg 2 214 255 159 157 237 76 129 133
Faces\1610349349.411244.jpg 2 247 204 139 144 215 86 130 115
Faces\1610349357.3655524.jpg 2 223 186 131 137 169 86 116 114
Faces\1610349357.656835.jpg 2 226 190 127 136 170 80 119 123
Faces\1610349358.2175386.jpg 2 214 181 157 147 168 74 133 127
Faces\1610349358.5202463.jpg 2 196 193 146 138 172 80 123 118
Faces\1610349358.8215086.jpg 2 190 203 145 140 175 82 117 114
Faces\1610349359.1136355.jpg 2 214 205 152 153 180 84 121 120
Faces\1610349359.3967495.jpg 2 235 226 161 156 188 80 120 123
Faces\1610349359.6750345.jpg 2 270 238 166 172 187 75 126 131
Faces\1610349359.9600587.jpg 2 292 241 158 174 186 72 128 126
Faces\1610349362.3356254.jpg 2 285 238 168 163 194 76 127 121
Faces\1610349362.6247475.jpg 2 273 243 178 183 197 78 113 119
Faces\1610349362.896179.jpg 2 260 269 169 170 193 74 124 118
Faces\1610349372.4660864.jpg 1 163 87 146 152
Faces\1610349372.7663107.jpg 1 171 87 156 154
Faces\1610349373.3222873.jpg 2 195 99 150 140 278 309 196 170
Faces\1610349373.5991437.jpg 1 213 105 141 138
Faces\1610349373.8920152.jpg 1 197 97 152 140
Faces\1610349374.446069.jpg 1 213 108 155 150
Faces\1610349429.1310287.jpg 1 118 262 170 160
Faces\1610349429.68037.jpg 1 139 259 184 165
Faces\1610349431.9043334.jpg 1 190 266 167 169
Faces\1610351007.91128.jpg 1 211 287 147 151
Faces\1610351011.1137266.jpg 1 198 282 160 158
Faces\1610351014.0419447.jpg 1 202 280 150 142
Faces\1610351016.1732907.jpg 1 158 283 157 157
Faces\1610351345.473253.jpg 0
Faces\1610351345.7752757.jpg 0
Faces\1610351346.0799696.jpg 0
Faces\1610351348.0650914.jpg 0
Faces\1610351348.3515136.jpg 1 302 275 135 143
Faces\1610351547.4000816.jpg 1 251 180 105 108
Faces\1610351547.6867976.jpg 1 208 193 121 112
Faces\1610351547.9584312.jpg 1 160 217 156 140
Faces\1610351548.237798.jpg 1 119 231 163 167
Faces\1610352043.3691285.jpg 1 264 243 137 129
Faces\1610352043.6425138.jpg 1 231 250 153 145
Faces\1610352043.9339666.jpg 1 200 270 149 145
Faces\1610352418.1928582.jpg 1 294 224 131 126
Faces\1610352418.464311.jpg 1 265 240 135 141
Faces\1610352418.7422938.jpg 1 194 250 169 146
Faces\1610352419.036145.jpg 1 155 261 180 163
Faces\1610352926.7657564.jpg 1 250 225 141 152
Faces\1610353207.555466.jpg 1 220 170 136 128
Faces\1610353207.8387077.jpg 1 186 168 149 154
Faces\1610353208.1433778.jpg 1 105 224 206 187
Faces\1610359948.1669664.jpg 1 205 186 138 149
Faces\1610359948.4534788.jpg 1 164 209 176 170
Faces\1610359948.725998.jpg 1 84 234 202 192
Faces\1610361342.5635774.jpg 1 190 267 134 137
Faces\1610361344.6884477.jpg 1 237 269 132 130
Faces\1610361344.9603136.jpg 1 211 276 129 137
Faces\1610361345.2405336.jpg 1 181 266 136 142
Faces\1610362093.198032.jpg 1 264 228 118 120
Faces\1610362095.3200963.jpg 1 265 243 128 131
Faces\1610362095.5943475.jpg 1 259 242 155 135
Faces\1610362095.8760724.jpg 1 269 233 132 135
Faces\1610364009.7904015.jpg 1 253 211 136 126
Faces\1610364010.0678816.jpg 1 264 233 160 148
Faces\1610364010.3514917.jpg 1 263 257 168 161
Faces\1610364010.6240714.jpg 1 238 283 188 181
Faces\1610364486.8427114.jpg 1 130 283 176 164
Faces\1610364487.1311371.jpg 1 111 278 186 177
Faces\1610364487.4062934.jpg 1 106 289 185 161
Faces\1610364565.1226285.jpg 1 290 192 119 125
Faces\1610364565.4098282.jpg 1 272 212 129 130
Faces\1610364565.681699.jpg 1 231 220 156 155
Faces\1610365166.0942912.jpg 1 273 168 98 92
Faces\1610365166.3785293.jpg 1 245 170 127 122
Faces\1610365166.927921.jpg 1 169 208 135 124
Faces\1610366430.1644616.jpg 1 227 199 127 134
Faces\1610366430.4430532.jpg 1 232 207 137 133
Faces\1610366431.0203824.jpg 1 181 199 132 138
Faces\1610366472.9291086.jpg 1 235 232 141 131
Faces\1610366652.8468971.jpg 1 279 239 133 128
Faces\1610366661.8317916.jpg 1 224 243 154 157
Faces\1610366662.1069257.jpg 1 173 239 162 150
Faces\1610367997.3072815.jpg 1 323 200 115 128
Faces\1610367997.6158729.jpg 1 311 194 119 119
Faces\1610367997.8899813.jpg 1 289 191 122 124
Faces\1610367998.172846.jpg 1 261 194 117 115
Faces\1610368266.3396616.jpg 0
Faces\1610368266.6148887.jpg 0
Faces\1610368266.8966978.jpg 0
