Faces/1609954110.7466779.jpg 1 252 89 116 113
Faces/1609954111.024941.jpg 1 223 93 129 123
Faces/1609954111.3104973.jpg 1 217 119 134 138
Faces/1609954122.00223.jpg 1 267 56 108 108
Faces/1609954122.2870507.jpg 1 278 56 111 117
Faces/1609954122.5723066.jpg 1 271 76 114 108
Faces/1609954122.8345528.jpg 1 239 81 110 123
Faces/1609954123.1124163.jpg 1 218 93 127 125
Faces/1609954123.3877437.jpg 1 205 126 137 135
Faces/1609954123.951377.jpg 1 75 185 169 174
Faces/1609954263.2890394.jpg 1 268 86 110 103
Faces/1609954263.5586598.jpg 1 267 104 103 102
Faces/1609954263.8368187.jpg 1 288 114 100 102
Faces/1609954264.1079233.jpg 1 273 124 121 117
Faces/1609954264.391474.jpg 1 287 150 118 121
Faces/1609954264.6762867.jpg 1 252 168 140 130
Faces/1609954265.2147155.jpg 1 243 191 173 165
Faces/1609954265.4934528.jpg 1 279 214 162 153
Faces/1609954266.2806582.jpg 1 303 224 131 131
Faces/1609954266.5657263.jpg 1 298 215 139 133
Faces/1609954333.7865329.jpg 1 309 74 109 115
Faces/1609954334.0714445.jpg 1 234 104 123 121
Faces/1609954334.3567622.jpg 1 162 131 140 143
Faces/1609954334.6416502.jpg 1 97 159 159 164
Faces/1609954334.926635.jpg 1 51 195 157 174
Faces/1609954335.2050269.jpg 1 14 215 165 181
Faces/1609954624.4801705.jpg 1 331 129 122 123
Faces/1609954624.7654347.jpg 1 322 143 128 125
Faces/1609954625.044371.jpg 1 307 158 131 134
Faces/1609954625.3203251.jpg 1 264 173 130 125
Faces/1609954625.599595.jpg 1 221 180 140 139
Faces/1609954625.8848383.jpg 1 182 209 155 142
Faces/1609954643.1061518.jpg 1 243 119 91 100
Faces/1609954643.375766.jpg 1 234 129 94 103
Faces/1609954643.660778.jpg 1 262 143 86 97
Faces/1609954643.9308987.jpg 1 261 158 113 107
Faces/1609954645.5944183.jpg 1 245 157 113 113
Faces/1609954649.3244796.jpg 1 218 148 116 116
Faces/1609954650.4647174.jpg 1 178 152 127 121
Faces/1609954651.3114839.jpg 1 207 140 107 109
Faces/1609954656.1589773.jpg 1 193 140 105 108
Faces/1609954662.0445163.jpg 1 190 144 109 105
Faces/1609954844.3277905.jpg 1 330 85 109 111
Faces/1609954844.6116235.jpg 1 292 92 118 108
Faces/1609954844.881146.jpg 1 269 81 101 107
Faces/1609954845.1655834.jpg 1 247 96 112 108
Faces/1609954845.4501872.jpg 1 231 115 123 123
Faces/1609954845.7289221.jpg 1 203 125 141 136
Faces/1609954846.012892.jpg 1 165 145 162 156
Faces/1609954846.283836.jpg 1 111 148 156 157
Faces/1609954846.5672488.jpg 1 50 155 161 164
Faces/1609954846.8525193.jpg 1 9 186 166 172
Faces/1609956931.0991094.jpg 1 257 72 90 94
Faces/1609956931.3839056.jpg 1 265 77 98 108
Faces/1609957432.5175161.jpg 1 231 156 103 109
Faces/1609957432.7968738.jpg 1 213 161 114 111
Faces/1609957433.0817316.jpg 1 174 159 117 119
Faces/1609957433.3604698.jpg 1 144 162 113 115
Faces/1609957433.6448994.jpg 1 147 162 111 113
Faces/1609957433.9148388.jpg 1 141 177 110 113
Faces/1609957434.199016.jpg 1 138 176 114 111
Faces/1609957443.8287697.jpg 1 173 179 108 109
Faces/1609957445.4145339.jpg 1 146 172 106 113
Faces/1609957445.9521492.jpg 1 136 179 107 114
Faces/1609957591.9048836.jpg 1 61 187 182 171
Faces/1609957592.1747355.jpg 1 102 172 175 175
Faces/1609957592.453312.jpg 1 120 152 174 185
Faces/1609957593.5156028.jpg 1 120 152 172 169
Faces/1609957594.58288.jpg 1 90 180 191 176
Faces/1609957595.386465.jpg 1 83 190 196 186
Faces/1609957596.1732266.jpg 1 76 189 205 187
Faces/1609957596.9708467.jpg 1 79 187 187 172
Faces/1609957597.253292.jpg 1 104 164 175 180
Faces/1609957601.9530404.jpg 1 112 149 160 157
Faces/1609958172.1061606.jpg 2 228 209 144 124 315 59 94 98
Faces/1609958172.3907385.jpg 2 148 223 142 140 299 67 101 103
Faces/1609958172.675342.jpg 2 306 86 105 106 81 228 167 161
Faces/1609958172.9532676.jpg 1 308 99 119 114
Faces/1609958173.2229793.jpg 1 290 108 129 126
Faces/1609958173.5073385.jpg 1 231 127 139 132
Faces/1609958173.7922308.jpg 1 192 137 156 157
Faces/1609958174.077075.jpg 1 154 164 160 168
Faces/1609958174.355964.jpg 1 86 188 176 191
Faces/1609958555.0223465.jpg 3 170 166 163 174 236 86 103 107 355 15 68 71
Faces/1609958555.8399496.jpg 2 121 137 155 168 360 18 62 63
Faces/1609958556.3946247.jpg 2 63 164 175 184 365 16 62 65
Faces/1609958556.9441636.jpg 3 359 15 59 64 212 103 108 116 26 195 186 199
Faces/1609958557.7750123.jpg 4 58 229 193 196 198 86 116 120 331 240 72 71 358 16 58 61
Faces/1609958585.6933491.jpg 2 367 17 59 62 322 85 110 125
Faces/1609958586.2573514.jpg 2 369 20 56 55 276 139 137 139
Faces/1609958586.8114738.jpg 2 299 183 159 170 367 18 57 62
Faces/1609958587.3592446.jpg 1 219 187 182 192
Faces/1609958587.9148726.jpg 2 197 244 210 231 362 15 70 68
Faces/1609959002.9592562.jpg 2 264 157 102 104 344 29 45 52
Faces/1609959003.7929733.jpg 2 252 202 107 109 361 45 53 53
Faces/1609959004.9120574.jpg 2 221 238 136 137 295 89 74 71
Faces/1609959005.7347033.jpg 2 298 89 74 71 255 238 122 129
Faces/1609959006.2686267.jpg 1 254 241 124 129
Faces/1609959012.1357112.jpg 2 265 237 122 136 330 32 59 58
Faces/1609959012.9909155.jpg 2 339 37 54 56 284 257 142 139
Faces/1609959014.0773368.jpg 2 283 257 133 141 319 58 58 61
Faces/1609959014.6256154.jpg 2 254 267 139 142 259 85 69 60
Faces/1609959015.4799562.jpg 1 187 250 141 142
Faces/1609959532.2458215.jpg 1 265 88 103 105
Faces/1609959532.5306394.jpg 1 226 94 119 113
Faces/1609959532.8009613.jpg 1 220 97 127 127
Faces/1609959533.0793195.jpg 1 230 125 123 129
Faces/1609959533.3627455.jpg 1 238 149 146 143
Faces/1609959533.6473444.jpg 1 208 160 161 162
Faces/1609959533.932245.jpg 1 130 172 174 159
Faces/1609959534.2109566.jpg 1 96 175 157 158
Faces/1609959534.4812715.jpg 1 75 183 157 170
Faces/1609959534.7647772.jpg 1 35 208 189 198
Faces/1609959742.4917247.jpg 4 255 254 167 174 187 158 99 103 282 110 79 81 360 69 56 58
Faces/1609959743.3253918.jpg 4 344 73 58 57 273 127 72 84 172 183 118 120 71 274 170 181
Faces/1609959744.16351.jpg 3 246 210 132 132 301 140 78 81 335 82 61 62
Faces/1609959755.615174.jpg 2 261 141 77 87 269 94 74 68
Faces/1609959756.733954.jpg 2 258 146 90 84 262 95 70 61
Faces/1609959760.9173336.jpg 2 259 145 99 83 266 94 74 65
Faces/1609959761.7669256.jpg 2 256 145 84 90 273 89 71 68
Faces/1609959775.8579497.jpg 2 281 144 78 79 268 94 64 64
Faces/1609959776.4374099.jpg 2 268 96 60 62 282 132 78 82
Faces/1609959777.8075197.jpg 2 282 130 78 80 273 98 58 61
Faces/1609960365.5188024.jpg 1 301 69 79 89
Faces/1609960369.3852615.jpg 1 274 116 92 87
Faces/1609960379.40218.jpg 2 179 92 100 96 279 252 146 152
Faces/1609960384.5127199.jpg 1 200 83 89 93
Faces/1609960398.4908004.jpg 1 211 63 93 94
Faces/1609960404.6775672.jpg 1 199 66 98 92
Faces/1609960417.2905207.jpg 2 202 75 81 83 318 187 107 112
Faces/1609960425.07131.jpg 1 283 108 95 102
Faces/1609960460.3787992.jpg 1 199 123 95 101
Faces/1609960475.6854699.jpg 1 176 109 99 108
Faces/1609961143.0290697.jpg 2 289 142 2 1 293 70 70 70
Faces/1609961144.147453.jpg 1 228 103 94 86
Faces/1609961145.834732.jpg 1 234 166 110 113
Faces/1609961146.6508162.jpg 1 227 166 111 118
Faces/1609961147.4992983.jpg 1 162 175 119 113
Faces/1609961151.1294277.jpg 1 174 212 115 121
Faces/1609961152.5256078.jpg 1 113 241 139 152
Faces/1609961154.198848.jpg 1 10 270 145 150
Faces/1609961548.5581481.jpg 2 368 144 65 67 399 14 64 63
Faces/1609961549.8841028.jpg 2 435 31 64 65 367 139 68 66
Faces/1609961550.7220402.jpg 2 356 142 72 67 401 39 64 69
Faces/1609961551.2860174.jpg 2 310 133 77 80 412 44 67 67
Faces/1609961552.3837156.jpg 2 420 42 67 64 306 178 83 96
Faces/1609961553.7241526.jpg 2 313 210 105 110 409 38 67 65
Faces/1609961555.8571787.jpg 2 309 216 98 102 434 39 67 68
Faces/1609961556.6907868.jpg 2 319 191 98 104 421 38 67 63
Faces/1609961558.0479825.jpg 2 367 35 60 61 276 204 96 104
Faces/1609961558.8659594.jpg 3 179 270 124 137 359 38 66 63 304 9 61 62
Faces/1609961560.2323003.jpg 2 269 39 77 80 350 47 61 64
Faces/1609961560.7715378.jpg 2 236 57 97 106 346 39 76 70
Faces/1609961561.0567956.jpg 2 244 70 98 111 355 35 63 64
Faces/1609961561.335531.jpg 2 385 33 64 62 199 83 125 132
Faces/1609961561.6051607.jpg 2 138 116 124 123 413 33 69 62
Faces/1609961561.8747795.jpg 1 426 35 69 62
Faces/1609961562.993063.jpg 1 410 35 61 62
Faces/1609961601.8759634.jpg 1 282 93 81 82
Faces/1609961603.828422.jpg 1 266 146 107 102
Faces/1609961609.3597834.jpg 1 199 148 110 103
Faces/1609961617.5439453.jpg 1 280 139 115 105
Faces/1609961626.939841.jpg 1 283 141 107 99
Faces/1609961627.7734475.jpg 1 283 134 107 100
Faces/1609961642.1996012.jpg 1 300 129 92 90
Faces/1609961643.842059.jpg 1 311 130 93 98
Faces/1609961645.2240078.jpg 1 301 167 125 117
Faces/1609961647.399122.jpg 1 232 150 109 111
Faces/1609961900.7093968.jpg 2 288 111 63 66 361 32 71 77
Faces/1609961901.2686813.jpg 2 294 141 61 68 351 54 73 79
Faces/1609961901.8116531.jpg 2 317 51 79 97 258 174 99 91
Faces/1609961902.3647075.jpg 2 237 226 98 96 242 65 87 86
Faces/1609961902.9126644.jpg 1 242 78 97 104
Faces/1609961903.482335.jpg 1 198 115 113 118
Faces/1609961903.7613873.jpg 1 139 122 129 126
Faces/1609961904.0514362.jpg 1 96 134 156 134
Faces/1609961904.3297682.jpg 1 67 173 152 142
Faces/1609961904.614371.jpg 1 28 190 172 159
Faces/1609962377.2801404.jpg 1 294 94 82 91
Faces/1609962377.565087.jpg 1 248 109 115 92
Faces/1609962378.1347225.jpg 1 264 164 112 118
Faces/1609962378.4130526.jpg 1 249 184 129 136
Faces/1609962378.9607942.jpg 1 111 260 161 163
Faces/1609962379.2460396.jpg 1 87 285 175 181
Faces/1609962394.144658.jpg 1 123 280 188 181
Faces/1609962399.6426039.jpg 1 112 296 180 180
Faces/1609962403.064298.jpg 1 78 281 162 166